[Camera]
Shutter=20
Size=-1
XStart=10
YStart=10
Gain=63
HV_Width=640
HV_Height=480
ADCLevel=2
RRatio=100
GRatio=50
BRatio=100
[Menu]
N89=0
N90=0
N91=0
[TAM]
DeltaTime=1
DataNum=10
[Remote]
Port=1701
Active=0
[Diamond]
MinWl=400
MaxWl=450
FTargetMin=10000
FTargetMax=50000
FNoiseLevel=4000
FMaxIntTime=1000000
FMinIntTime=8
FAutoRange=1
FMinLimit=3000
FMaxLimit=63000
MinHeight=2
OkMin=413.5
OkMax=416.5
DerWidth=2
MinWidth=0.5
BeepOnce=1
MaxWidth=50
[UI]
ChartSpecWidth=316
AutoQC=0
[Adsorb]
Slope=14.9351840685883
Intercept=1.89216171784738
R2=0.951369150191938
AnalyseData=<br>Source	Consistency	Absorption	Enable	<br>1	1	-0.00240947777725999	1	<br>2	2	0.0644967851357702	1	<br>3	3	0.10064339420618	1	<br>4	4	0.186081403888389	1	<br>5	5	0.207833313584535	1	<br>6	6	0.200482728791616	1	<br>7	7	0.298689276824439	1	<br>8	8	0.376112173653206	1	<br>9	9	0.35939655495768	1	<br>10	10	0.505817681113988	1	<br>11	11	0.728344227647724	1	<br>
AdsorbWl=380
[UpDown]
UpCount=5
Matrix=350 350 301.520425529787;351 351 313.321792279669;352 352 353.549490751918;353 353 416.893370910066;354 354 485.126879109788;355 355 537.492475765516;

[Spectrometer]
useDLL=0
TopLimit=1500
[Boen]
Limits=500 80 0;600 80 0;700 80 0;
Paht=c:\temp
[HYRef]
WlStart=380
WlEnd=830
SampleCount=10
Delay=1
Min0=90
Max0=100
Min1=30
Max1=40
Min2=650
Max2=750
Min3=0
Max3=300
Min4=90
Max4=100
Min5=-3
Max5=-2
Min6=5
Max6=7
Min7=5
Max7=7
Min8=100
Max8=120
MinCorrcoef=0.9
Min9=1
Max9=3
Min10=4
Max10=6
Min11=7
Max11=9
Min12=10
Max12=12
x0=2
x1=5
x2=8
x3=11
LogIndex=2
LogSize=10
[Other]
APPAnda=0
[Color]
EnableAutoSave=1
SavePath=c:\Temp
Min=200
Max=900
[PL3K]
PeakWidth=3
MinW=2
MinH=80
DevW=2
Noise=100
Results=非钻石;CVD合成钻石;HPHT合成钻石;进一步检测，与合成相关;进一步检测;天然钻石
PassIndex=5;6
MaxLim=93000
Font.Name=宋体
Font.Size=22
Font.Bold=1
MinDer=500
NoiseDer=100
MinDD=200
MaxDD=0
Yellow=0
RMS=0
MinDW=1
[TMS]
AvgStart=400
AvgEnd=700
RefMin=98
StableCount=3
FlieName=222
FileName=222
FontSize=14
[AgingTest]
FileName=D:\Documents\南玻2010\aaaaa.age
